0.00000 0.99999975 0.00000000 0.00000000 -14.52197965 0.00000 0.00000
0.02000 0.99999956 0.00000000 0.85886625 -14.80412445 0.00000 0.00000
0.04000 0.99999923 0.00000000 1.68973452 -15.06979250 0.00000 0.00000
0.06000 0.99999865 0.00000000 2.49260481 -15.31909009 0.00000 0.00000
0.08000 0.99999769 0.00000000 3.26747714 -15.55211695 0.00000 0.00000
0.10000 0.99999607 0.00000000 4.01435153 -15.76896631 0.00000 0.00000
0.12000 0.99999341 0.00000000 4.73322804 -15.96972494 0.00000 0.00000
0.14000 0.99998906 0.00000000 5.42410674 -16.15447321 0.00000 0.00000
0.16000 0.99998208 0.00000000 6.08698774 -16.32328512 0.00000 0.00000
0.18000 0.99997098 0.00000000 6.72187125 -16.47622835 0.00000 0.00000
0.20000 0.99995357 0.00000001 7.32875757 -16.61336432 0.00000 0.00000
0.22000 0.99992663 0.00000002 7.90764720 -16.73474828 0.00000 0.00000
0.24000 0.99988547 0.00000005 8.45854088 -16.84042938 0.00000 0.00000
0.26000 0.99982340 0.00000012 8.98143977 -16.93045082 0.00000 0.00000
0.28000 0.99973101 0.00000029 9.47634561 -17.00485001 0.00000 0.00000
0.30000 0.99959529 0.00000065 9.94326100 -17.06365876 0.00000 0.00000
0.32000 0.99939849 0.00000144 10.38218973 -17.10690366 0.00000 0.00000
0.34000 0.99911682 0.00000310 10.79313735 -17.13460643 0.00000 0.00000
0.36000 0.99871886 0.00000651 11.17611178 -17.14678449 0.00000 0.00000
0.38000 0.99816376 0.00001332 11.53112427 -17.14345172 0.00000 0.00000
0.40000 0.99739913 0.00002658 11.85819055 -17.12461935 0.00000 0.00000
0.42000 0.99635884 0.00005173 12.15733239 -17.09029728 0.00000 0.00000
0.44000 0.99496048 0.00009816 12.42857962 -17.04049564 0.00000 0.00000
0.46000 0.99310275 0.00018165 12.67197270 -16.97522688 0.00000 0.00000
0.48000 0.99066270 0.00032775 12.88756598 -16.89450837 0.00000 0.00000
0.50000 0.98749307 0.00057655 13.07543187 -16.79836575 0.00000 0.00000
0.52000 0.98341986 0.00098876 13.23566606 -16.68683713 0.00000 0.00000
0.54000 0.97824088 0.00165299 13.36839415 -16.55997835 0.00000 0.00000
0.56000 0.97172570 0.00269364 13.47377974 -16.41786956 0.00000 0.00000
0.58000 0.96361854 0.00427814 13.55203437 -16.26062316 0.00000 0.00000
0.60000 0.95364527 0.00662178 13.60342939 -16.08839331 0.00000 0.00000
0.62000 0.94152624 0.00998763 13.62830965 -15.90138702 0.00000 0.00000
0.64000 0.92699585 0.01467894 13.62710869 -15.69987630 0.00000 0.00000
0.66000 0.90982914 0.02102189 13.60036469 -15.48421110 0.00000 0.00000
0.68000 0.88987327 0.02933811 13.54873586 -15.25483172 0.00000 0.00000
0.70000 0.86708005 0.03990891 13.47301377 -15.01227967 0.00000 0.00000
0.72000 0.84153311 0.05293581 13.37413254 -14.75720522 0.00000 0.00000
0.74000 0.81346321 0.06850484 13.25317217 -14.49037034 0.00000 0.00000
0.76000 0.78324597 0.08656229 13.11135445 -14.21264573 0.00000 0.00000
0.78000 0.75138019 0.10690821 12.95003099 -13.92500157 0.00000 0.00000
0.80000 0.71844943 0.12920987 12.77066360 -13.62849228 0.00000 0.00000
0.82000 0.68507351 0.15303257 12.57479869 -13.32423637 0.00000 0.00000
0.84000 0.65185886 0.17788137 12.36403769 -13.01339328 0.00000 0.00000
0.86000 0.61935587 0.20324540 12.14000627 -12.69713922 0.00000 0.00000
0.88000 0.58802867 0.22863739 11.90432459 -12.37664380 0.00000 0.00000
0.90000 0.55823929 0.25362342 11.65858068 -12.05304925 0.00000 0.00000
0.92000 0.53024497 0.27784109 11.40430813 -11.72745301 0.00000 0.00000
0.94000 0.50420541 0.30100674 11.14296878 -11.40089432 0.00000 0.00000
0.96000 0.48019630 0.32291405 10.87594027 -11.07434465 0.00000 0.00000
0.98000 0.45822558 0.34342688 10.60450817 -10.74870185 0.00000 0.00000
1.00000 0.43824990 0.36246891 10.32986194 -10.42478723 0.00000 0.00000
1.02000 0.42018955 0.38001230 10.05309400 -10.10334515 0.00000 0.00000
1.04000 0.40394112 0.39606663 9.77520117 -9.78504450 0.00000 0.00000
1.06000 0.38938752 0.41066910 9.49708787 -9.47048149 0.00000 0.00000
1.08000 0.37640562 0.42387621 9.21957041 -9.16018335 0.00000 0.00000
1.10000 0.36487176 0.43575708 8.94338204 -8.85461254 0.00000 0.00000
1.12000 0.35466548 0.44638823 8.66917831 -8.55417130 0.00000 0.00000
1.14000 0.34567199 0.45584974 8.39754264 -8.25920617 0.00000 0.00000
1.16000 0.33778354 0.46422235 8.12899172 -7.97001253 0.00000 0.00000
1.18000 0.33090013 0.47158550 7.86398083 -7.68683892 0.00000 0.00000
1.20000 0.32492970 0.47801600 7.60290886 -7.40989117 0.00000 0.00000
1.22000 0.31978796 0.48358717 7.34612299 -7.13933627 0.00000 0.00000
1.24000 0.31539806 0.48836838 7.09392318 -6.87530594 0.00000 0.00000
1.26000 0.31169008 0.49242479 6.84656619 -6.61789999 0.00000 0.00000
1.28000 0.30860050 0.49581736 6.60426940 -6.36718937 0.00000 0.00000
1.30000 0.30607165 0.49860285 6.36721432 -6.12321899 0.00000 0.00000
1.32000 0.30405114 0.50083404 6.13554972 -5.88601028 0.00000 0.00000
1.34000 0.30249137 0.50255990 5.90939465 -5.65556360 0.00000 0.00000
1.36000 0.30134901 0.50382580 5.68884110 -5.43186036 0.00000 0.00000
1.38000 0.30058461 0.50467378 5.47395649 -5.21486501 0.00000 0.00000
1.40000 0.30016216 0.50514273 5.26478597 -5.00452689 0.00000 0.00000
1.42000 0.30004874 0.50526867 5.06135450 -4.80078181 0.00000 0.00000
1.44000 0.30021423 0.50508492 4.86366877 -4.60355364 0.00000 0.00000
1.46000 0.30063099 0.50462231 4.67171902 -4.41275567 0.00000 0.00000
1.48000 0.30127365 0.50390937 4.48548061 -4.22829188 0.00000 0.00000
1.50000 0.30211887 0.50297250 4.30491560 -4.05005812 0.00000 0.00000
1.52000 0.30314517 0.50183611 4.12997408 -3.87794319 0.00000 0.00000
1.54000 0.30433274 0.50052278 3.96059552 -3.71182979 0.00000 0.00000
1.56000 0.30566331 0.49905336 3.79670988 -3.55159547 0.00000 0.00000
1.58000 0.30712001 0.49744715 3.63823878 -3.39711341 0.00000 0.00000
1.60000 0.30868727 0.49572193 3.48509645 -3.24825322 0.00000 0.00000
1.62000 0.31035069 0.49389412 3.33719073 -3.10488161 0.00000 0.00000
1.64000 0.31209700 0.49197883 3.19442385 -2.96686303 0.00000 0.00000
1.66000 0.31391394 0.48998998 3.05669330 -2.83406026 0.00000 0.00000
1.68000 0.31579018 0.48794037 2.92389253 -2.70633493 0.00000 0.00000
1.70000 0.31771531 0.48584172 2.79591162 -2.58354803 0.00000 0.00000
1.72000 0.31967971 0.48370479 2.67263791 -2.46556031 0.00000 0.00000
1.74000 0.32167456 0.48153941 2.55395657 -2.35223271 0.00000 0.00000
1.76000 0.32369174 0.47935452 2.43975113 -2.24342672 0.00000 0.00000
1.78000 0.32572382 0.47715831 2.32990394 -2.13900470 0.00000 0.00000
1.80000 0.32776400 0.47495816 2.22429661 -2.03883018 0.00000 0.00000
1.82000 0.32980608 0.47276078 2.12281042 -1.94276809 0.00000 0.00000
1.84000 0.33184441 0.47057221 2.02532668 -1.85068507 0.00000 0.00000
1.86000 0.33387387 0.46839790 1.93172704 -1.76244961 0.00000 0.00000
1.88000 0.33588982 0.46624269 1.84189380 -1.67793225 0.00000 0.00000
1.90000 0.33788809 0.46411093 1.75571018 -1.59700575 0.00000 0.00000
1.92000 0.33986493 0.46200646 1.67306055 -1.51954525 0.00000 0.00000
1.94000 0.34181700 0.45993266 1.59383064 -1.44542834 0.00000 0.00000
1.96000 0.34374132 0.45789250 1.51790773 -1.37453521 0.00000 0.00000
1.98000 0.34563528 0.45588855 1.44518082 -1.30674869 0.00000 0.00000
2.00000 0.34749657 0.45392303 1.37554078 -1.24195437 0.00000 0.00000
2.02000 0.34932322 0.45199782 1.30888048 -1.18004061 0.00000 0.00000
2.04000 0.35111349 0.45011449 1.24509485 -1.12089861 0.00000 0.00000
2.06000 0.35286594 0.44827435 1.18408105 -1.06442244 0.00000 0.00000
2.08000 0.35457935 0.44647843 1.12573850 -1.01050903 0.00000 0.00000
2.10000 0.35625273 0.44472755 1.06996894 -0.95905822 0.00000 0.00000
2.12000 0.35788530 0.44302229 1.01667650 -0.90997273 0.00000 0.00000
2.14000 0.35947644 0.44136305 0.96576772 -0.86315816 0.00000 0.00000
2.16000 0.36102575 0.43975007 0.91715160 -0.81852297 0.00000 0.00000
2.18000 0.36253294 0.43818340 0.87073961 -0.77597850 0.00000 0.00000
2.20000 0.36399788 0.43666297 0.82644568 -0.73543887 0.00000 0.00000
2.22000 0.36542058 0.43518856 0.78418623 -0.69682099 0.00000 0.00000
2.24000 0.36680116 0.43375987 0.74388013 -0.66004454 0.00000 0.00000
2.26000 0.36813984 0.43237645 0.70544875 -0.62503187 0.00000 0.00000
2.28000 0.36943695 0.43103781 0.66881587 -0.59170801 0.00000 0.00000
2.30000 0.37069289 0.42974333 0.63390769 -0.56000059 0.00000 0.00000
2.32000 0.37190816 0.42849236 0.60065280 -0.52983981 0.00000 0.00000
2.34000 0.37308330 0.42728417 0.56898215 -0.50115836 0.00000 0.00000
2.36000 0.37421892 0.42611798 0.53882902 -0.47389139 0.00000 0.00000
2.38000 0.37531570 0.42499296 0.51012896 -0.44797643 0.00000 0.00000
2.40000 0.37637433 0.42390825 0.48281977 -0.42335335 0.00000 0.00000
2.42000 0.37739557 0.42286296 0.45684143 -0.39996430 0.00000 0.00000
2.44000 0.37838020 0.42185617 0.43213608 -0.37775362 0.00000 0.00000
2.46000 0.37932903 0.42088694 0.40864797 -0.35666785 0.00000 0.00000
2.48000 0.38024289 0.41995431 0.38632341 -0.33665557 0.00000 0.00000
2.50000 0.38112263 0.41905731 0.36511068 -0.31766742 0.00000 0.00000
2.52000 0.38196911 0.41819498 0.34496005 -0.29965602 0.00000 0.00000
2.54000 0.38278320 0.41736634 0.32582367 -0.28257588 0.00000 0.00000
2.56000 0.38356579 0.41657041 0.30765555 -0.26638338 0.00000 0.00000
2.58000 0.38431775 0.41580621 0.29041149 -0.25103668 0.00000 0.00000
2.60000 0.38503998 0.41507279 0.27404905 -0.23649569 0.00000 0.00000
2.62000 0.38573335 0.41436917 0.25852746 -0.22272198 0.00000 0.00000
2.64000 0.38639874 0.41369441 0.24380762 -0.20967876 0.00000 0.00000
2.66000 0.38703701 0.41304757 0.22985201 -0.19733079 0.00000 0.00000
2.68000 0.38764904 0.41242772 0.21662463 -0.18564434 0.00000 0.00000
2.70000 0.38823566 0.41183395 0.20409102 -0.17458716 0.00000 0.00000
2.72000 0.38879773 0.41126538 0.19221810 -0.16412838 0.00000 0.00000
2.74000 0.38933607 0.41072110 0.18097424 -0.15423848 0.00000 0.00000
2.76000 0.38985148 0.41020028 0.17032911 -0.14488927 0.00000 0.00000
2.78000 0.39034478 0.40970206 0.16025371 -0.13605380 0.00000 0.00000
2.80000 0.39081674 0.40922562 0.15072027 -0.12770633 0.00000 0.00000
2.82000 0.39126813 0.40877017 0.14170225 -0.11982226 0.00000 0.00000
2.84000 0.39169969 0.40833490 0.13317425 -0.11237814 0.00000 0.00000
2.86000 0.39211217 0.40791907 0.12511200 -0.10535157 0.00000 0.00000
2.88000 0.39250626 0.40752192 0.11749231 -0.09872120 0.00000 0.00000
2.90000 0.39288268 0.40714274 0.11029303 -0.09246664 0.00000 0.00000
2.92000 0.39324209 0.40678082 0.10349301 -0.08656847 0.00000 0.00000
2.94000 0.39358516 0.40643548 0.09707204 -0.08100817 0.00000 0.00000
2.96000 0.39391252 0.40610606 0.09101085 -0.07576810 0.00000 0.00000
2.98000 0.39422480 0.40579192 0.08529106 -0.07083145 0.00000 0.00000
3.00000 0.39452260 0.40549244 0.07989513 -0.06618222 0.00000 0.00000
3.02000 0.39480651 0.40520702 0.07480633 -0.06180518 0.00000 0.00000
3.04000 0.39507708 0.40493507 0.07000872 -0.05768581 0.00000 0.00000
3.06000 0.39533488 0.40467603 0.06548712 -0.05381031 0.00000 0.00000
3.08000 0.39558043 0.40442936 0.06122705 -0.05016557 0.00000 0.00000
3.10000 0.39581424 0.40419454 0.05721473 -0.04673909 0.00000 0.00000
3.12000 0.39603682 0.40397105 0.05343704 -0.04351902 0.00000 0.00000
3.14000 0.39624863 0.40375842 0.04988150 -0.04049407 0.00000 0.00000
3.16000 0.39645014 0.40355617 0.04653622 -0.03765352 0.00000 0.00000
3.18000 0.39664180 0.40336384 0.04338989 -0.03498720 0.00000 0.00000
3.20000 0.39682404 0.40318101 0.04043176 -0.03248543 0.00000 0.00000
3.22000 0.39699727 0.40300725 0.03765162 -0.03013905 0.00000 0.00000
3.24000 0.39716189 0.40284215 0.03503974 -0.02793933 0.00000 0.00000
3.26000 0.39731828 0.40268532 0.03258690 -0.02587802 0.00000 0.00000
3.28000 0.39746681 0.40253640 0.03028433 -0.02394728 0.00000 0.00000
3.30000 0.39760784 0.40239502 0.02812369 -0.02213966 0.00000 0.00000
3.32000 0.39774171 0.40226084 0.02609709 -0.02044813 0.00000 0.00000
3.34000 0.39786874 0.40213353 0.02419701 -0.01886599 0.00000 0.00000
3.36000 0.39798926 0.40201276 0.02241634 -0.01738693 0.00000 0.00000
3.38000 0.39810356 0.40189824 0.02074832 -0.01600494 0.00000 0.00000
3.40000 0.39821193 0.40178967 0.01918654 -0.01471435 0.00000 0.00000
3.42000 0.39831466 0.40168677 0.01772493 -0.01350977 0.00000 0.00000
3.44000 0.39841200 0.40158926 0.01635773 -0.01238614 0.00000 0.00000
3.46000 0.39850421 0.40149690 0.01507950 -0.01133862 0.00000 0.00000
3.48000 0.39859155 0.40140944 0.01388505 -0.01036267 0.00000 0.00000
3.50000 0.39867424 0.40132664 0.01276949 -0.00945398 0.00000 0.00000
3.52000 0.39875251 0.40124827 0.01172820 -0.00860848 0.00000 0.00000
3.54000 0.39882657 0.40117412 0.01075678 -0.00782233 0.00000 0.00000
3.56000 0.39889662 0.40110398 0.00985109 -0.00709189 0.00000 0.00000
3.58000 0.39896288 0.40103766 0.00900721 -0.00641372 0.00000 0.00000
3.60000 0.39902551 0.40097496 0.00822141 -0.00578460 0.00000 0.00000
3.62000 0.39908471 0.40091571 0.00749019 -0.00520145 0.00000 0.00000
3.64000 0.39914065 0.40085972 0.00681024 -0.00466139 0.00000 0.00000
3.66000 0.39919348 0.40080685 0.00617842 -0.00416170 0.00000 0.00000
3.68000 0.39924336 0.40075692 0.00559177 -0.00369982 0.00000 0.00000
3.70000 0.39929045 0.40070980 0.00504749 -0.00327331 0.00000 0.00000
3.72000 0.39933489 0.40066533 0.00454295 -0.00287991 0.00000 0.00000
3.74000 0.39937681 0.40062338 0.00407567 -0.00251745 0.00000 0.00000
3.76000 0.39941634 0.40058383 0.00364328 -0.00218393 0.00000 0.00000
3.78000 0.39945361 0.40054654 0.00324359 -0.00187743 0.00000 0.00000
3.80000 0.39948873 0.40051140 0.00287449 -0.00159616 0.00000 0.00000
3.82000 0.39952182 0.40047829 0.00253402 -0.00133843 0.00000 0.00000
3.84000 0.39955298 0.40044712 0.00222034 -0.00110266 0.00000 0.00000
3.86000 0.39958231 0.40041777 0.00193168 -0.00088736 0.00000 0.00000
3.88000 0.39960992 0.40039015 0.00166642 -0.00069113 0.00000 0.00000
3.90000 0.39963589 0.40036417 0.00142301 -0.00051265 0.00000 0.00000
3.92000 0.39966031 0.40033975 0.00119998 -0.00035069 0.00000 0.00000
3.94000 0.39968327 0.40031678 0.00099598 -0.00020409 0.00000 0.00000
3.96000 0.39970484 0.40029520 0.00080971 -0.00007176 0.00000 0.00000
3.98000 0.39972510 0.40027494 0.00063998 0.00004732 0.00000 0.00000
4.00000 0.39974412 0.40025591 0.00048564 0.00015411 0.00000 0.00000
4.02000 0.39976197 0.40023806 0.00034562 0.00024949 0.00000 0.00000
4.04000 0.39977871 0.40022131 0.00021894 0.00033431 0.00000 0.00000
4.06000 0.39979441 0.40020561 0.00010465 0.00040934 0.00000 0.00000
4.08000 0.39980913 0.40019089 0.00000187 0.00047534 0.00000 0.00000
4.10000 0.39982291 0.40017711 -0.00009022 0.00053297 0.00000 0.00000
4.12000 0.39983581 0.40016420 -0.00017239 0.00058288 0.00000 0.00000
4.14000 0.39984789 0.40015212 -0.00024537 0.00062566 0.00000 0.00000
4.16000 0.39985918 0.40014083 -0.00030983 0.00066189 0.00000 0.00000
4.18000 0.39986974 0.40013027 -0.00036641 0.00069207 0.00000 0.00000
4.20000 0.39987960 0.40012040 -0.00041569 0.00071669 0.00000 0.00000
4.22000 0.39988881 0.40011119 -0.00045823 0.00073621 0.00000 0.00000
4.24000 0.39989741 0.40010260 -0.00049454 0.00075104 0.00000 0.00000
4.26000 0.39990542 0.40009458 -0.00052511 0.00076157 0.00000 0.00000
4.28000 0.39991289 0.40008712 -0.00055039 0.00076817 0.00000 0.00000
4.30000 0.39991984 0.40008016 -0.00057078 0.00077118 0.00000 0.00000
4.32000 0.39992632 0.40007369 -0.00058669 0.00077090 0.00000 0.00000
4.34000 0.39993234 0.40006767 -0.00059846 0.00076763 0.00000 0.00000
4.36000 0.39993793 0.40006207 -0.00060646 0.00076164 0.00000 0.00000
4.38000 0.39994312 0.40005688 -0.00061097 0.00075317 0.00000 0.00000
4.40000 0.39994794 0.40005206 -0.00061230 0.00074245 0.00000 0.00000
4.42000 0.39995241 0.40004759 -0.00061071 0.00072970 0.00000 0.00000
4.44000 0.39995654 0.40004346 -0.00060646 0.00071511 0.00000 0.00000
4.46000 0.39996037 0.40003963 -0.00059978 0.00069886 0.00000 0.00000
4.48000 0.39996391 0.40003609 -0.00059088 0.00068111 0.00000 0.00000
4.50000 0.39996718 0.40003282 -0.00057995 0.00066202 0.00000 0.00000
4.52000 0.39997019 0.40002981 -0.00056719 0.00064172 0.00000 0.00000
4.54000 0.39997297 0.40002703 -0.00055276 0.00062034 0.00000 0.00000
4.56000 0.39997553 0.40002447 -0.00053682 0.00059800 0.00000 0.00000
4.58000 0.39997788 0.40002212 -0.00051950 0.00057481 0.00000 0.00000
4.60000 0.39998004 0.40001996 -0.00050095 0.00055085 0.00000 0.00000
4.62000 0.39998202 0.40001798 -0.00048127 0.00052622 0.00000 0.00000
4.64000 0.39998384 0.40001616 -0.00046060 0.00050099 0.00000 0.00000
4.66000 0.39998551 0.40001449 -0.00043901 0.00047524 0.00000 0.00000
4.68000 0.39998703 0.40001297 -0.00041662 0.00044903 0.00000 0.00000
4.70000 0.39998843 0.40001157 -0.00039350 0.00042242 0.00000 0.00000
4.72000 0.39998971 0.40001029 -0.00036973 0.00039546 0.00000 0.00000
4.74000 0.39999087 0.40000913 -0.00034538 0.00036820 0.00000 0.00000
4.76000 0.39999194 0.40000806 -0.00032053 0.00034068 0.00000 0.00000
4.78000 0.39999292 0.40000708 -0.00029522 0.00031293 0.00000 0.00000
4.80000 0.39999381 0.40000619 -0.00026952 0.00028499 0.00000 0.00000
4.82000 0.39999463 0.40000537 -0.00024347 0.00025688 0.00000 0.00000
4.84000 0.39999539 0.40000461 -0.00021711 0.00022864 0.00000 0.00000
4.86000 0.39999609 0.40000391 -0.00019050 0.00020028 0.00000 0.00000
4.88000 0.39999674 0.40000326 -0.00016368 0.00017183 0.00000 0.00000
4.90000 0.39999734 0.40000266 -0.00013667 0.00014330 0.00000 0.00000
4.92000 0.39999792 0.40000208 -0.00010951 0.00011471 0.00000 0.00000
4.94000 0.39999846 0.40000154 -0.00008223 0.00008607 0.00000 0.00000
4.96000 0.39999899 0.40000101 -0.00005487 0.00005740 0.00000 0.00000
4.98000 0.39999950 0.40000050 -0.00002745 0.00002871 0.00000 0.00000
5.00000 0.40000000 0.40000000 -0.00000000 0.00000000 0.00000 0.00000
5.02000 0.40000050 0.39999950 0.00002745 -0.00002871 0.00000 0.00000
5.04000 0.40000101 0.39999899 0.00005487 -0.00005740 0.00000 0.00000
5.06000 0.40000154 0.39999846 0.00008223 -0.00008607 0.00000 0.00000
5.08000 0.40000208 0.39999792 0.00010951 -0.00011471 0.00000 0.00000
5.10000 0.40000266 0.39999734 0.00013667 -0.00014330 0.00000 0.00000
5.12000 0.40000326 0.39999674 0.00016368 -0.00017183 0.00000 0.00000
5.14000 0.40000391 0.39999609 0.00019050 -0.00020028 0.00000 0.00000
5.16000 0.40000461 0.39999539 0.00021711 -0.00022864 0.00000 0.00000
5.18000 0.40000537 0.39999463 0.00024347 -0.00025688 0.00000 0.00000
5.20000 0.40000619 0.39999381 0.00026952 -0.00028499 0.00000 0.00000
5.22000 0.40000708 0.39999292 0.00029522 -0.00031293 0.00000 0.00000
5.24000 0.40000806 0.39999194 0.00032053 -0.00034068 0.00000 0.00000
5.26000 0.40000913 0.39999087 0.00034538 -0.00036820 0.00000 0.00000
5.28000 0.40001029 0.39998971 0.00036973 -0.00039546 0.00000 0.00000
5.30000 0.40001157 0.39998843 0.00039350 -0.00042242 0.00000 0.00000
5.32000 0.40001297 0.39998703 0.00041662 -0.00044903 0.00000 0.00000
5.34000 0.40001449 0.39998551 0.00043901 -0.00047524 0.00000 0.00000
5.36000 0.40001616 0.39998384 0.00046060 -0.00050099 0.00000 0.00000
5.38000 0.40001798 0.39998202 0.00048127 -0.00052622 0.00000 0.00000
5.40000 0.40001996 0.39998004 0.00050095 -0.00055085 0.00000 0.00000
5.42000 0.40002212 0.39997788 0.00051950 -0.00057481 0.00000 0.00000
5.44000 0.40002447 0.39997553 0.00053682 -0.00059800 0.00000 0.00000
5.46000 0.40002703 0.39997297 0.00055276 -0.00062034 0.00000 0.00000
5.48000 0.40002981 0.39997019 0.00056719 -0.00064172 0.00000 0.00000
5.50000 0.40003282 0.39996718 0.00057995 -0.00066202 0.00000 0.00000
5.52000 0.40003609 0.39996391 0.00059088 -0.00068111 0.00000 0.00000
5.54000 0.40003963 0.39996037 0.00059978 -0.00069886 0.00000 0.00000
5.56000 0.40004346 0.39995654 0.00060646 -0.00071511 0.00000 0.00000
5.58000 0.40004759 0.39995241 0.00061071 -0.00072970 0.00000 0.00000
5.60000 0.40005206 0.39994794 0.00061230 -0.00074245 0.00000 0.00000
5.62000 0.40005688 0.39994312 0.00061097 -0.00075317 0.00000 0.00000
5.64000 0.40006207 0.39993793 0.00060646 -0.00076164 0.00000 0.00000
5.66000 0.40006767 0.39993234 0.00059846 -0.00076763 0.00000 0.00000
5.68000 0.40007369 0.39992632 0.00058669 -0.00077090 0.00000 0.00000
5.70000 0.40008016 0.39991984 0.00057078 -0.00077118 0.00000 0.00000
5.72000 0.40008712 0.39991289 0.00055039 -0.00076817 0.00000 0.00000
5.74000 0.40009458 0.39990542 0.00052511 -0.00076157 0.00000 0.00000
5.76000 0.40010260 0.39989741 0.00049454 -0.00075104 0.00000 0.00000
5.78000 0.40011119 0.39988881 0.00045823 -0.00073621 0.00000 0.00000
5.80000 0.40012040 0.39987960 0.00041569 -0.00071669 0.00000 0.00000
5.82000 0.40013027 0.39986974 0.00036641 -0.00069207 0.00000 0.00000
5.84000 0.40014083 0.39985918 0.00030983 -0.00066189 0.00000 0.00000
5.86000 0.40015212 0.39984789 0.00024537 -0.00062566 0.00000 0.00000
5.88000 0.40016420 0.39983581 0.00017239 -0.00058288 0.00000 0.00000
5.90000 0.40017711 0.39982291 0.00009022 -0.00053297 0.00000 0.00000
5.92000 0.40019089 0.39980913 -0.00000187 -0.00047534 0.00000 0.00000
5.94000 0.40020561 0.39979441 -0.00010465 -0.00040934 0.00000 0.00000
5.96000 0.40022131 0.39977871 -0.00021894 -0.00033431 0.00000 0.00000
5.98000 0.40023806 0.39976197 -0.00034562 -0.00024949 0.00000 0.00000
6.00000 0.40025591 0.39974412 -0.00048564 -0.00015411 0.00000 0.00000
6.02000 0.40027494 0.39972510 -0.00063998 -0.00004732 0.00000 0.00000
6.04000 0.40029520 0.39970484 -0.00080971 0.00007176 0.00000 0.00000
6.06000 0.40031678 0.39968327 -0.00099598 0.00020409 0.00000 0.00000
6.08000 0.40033975 0.39966031 -0.00119998 0.00035069 0.00000 0.00000
6.10000 0.40036417 0.39963589 -0.00142301 0.00051265 0.00000 0.00000
6.12000 0.40039015 0.39960992 -0.00166642 0.00069113 0.00000 0.00000
6.14000 0.40041777 0.39958231 -0.00193168 0.00088736 0.00000 0.00000
6.16000 0.40044712 0.39955298 -0.00222034 0.00110266 0.00000 0.00000
6.18000 0.40047829 0.39952182 -0.00253402 0.00133843 0.00000 0.00000
6.20000 0.40051140 0.39948873 -0.00287449 0.00159616 0.00000 0.00000
6.22000 0.40054654 0.39945361 -0.00324359 0.00187743 0.00000 0.00000
6.24000 0.40058383 0.39941634 -0.00364328 0.00218393 0.00000 0.00000
6.26000 0.40062338 0.39937681 -0.00407567 0.00251745 0.00000 0.00000
6.28000 0.40066533 0.39933489 -0.00454295 0.00287991 0.00000 0.00000
6.30000 0.40070980 0.39929045 -0.00504749 0.00327331 0.00000 0.00000
6.32000 0.40075692 0.39924336 -0.00559177 0.00369982 0.00000 0.00000
6.34000 0.40080685 0.39919348 -0.00617842 0.00416170 0.00000 0.00000
6.36000 0.40085972 0.39914065 -0.00681024 0.00466139 0.00000 0.00000
6.38000 0.40091571 0.39908471 -0.00749019 0.00520145 0.00000 0.00000
6.40000 0.40097496 0.39902551 -0.00822141 0.00578460 0.00000 0.00000
6.42000 0.40103766 0.39896288 -0.00900721 0.00641372 0.00000 0.00000
6.44000 0.40110398 0.39889662 -0.00985109 0.00709189 0.00000 0.00000
6.46000 0.40117412 0.39882657 -0.01075678 0.00782233 0.00000 0.00000
6.48000 0.40124827 0.39875251 -0.01172820 0.00860848 0.00000 0.00000
6.50000 0.40132664 0.39867424 -0.01276949 0.00945398 0.00000 0.00000
6.52000 0.40140944 0.39859155 -0.01388505 0.01036267 0.00000 0.00000
6.54000 0.40149690 0.39850421 -0.01507950 0.01133862 0.00000 0.00000
6.56000 0.40158926 0.39841200 -0.01635773 0.01238614 0.00000 0.00000
6.58000 0.40168677 0.39831466 -0.01772493 0.01350977 0.00000 0.00000
6.60000 0.40178967 0.39821193 -0.01918654 0.01471435 0.00000 0.00000
6.62000 0.40189824 0.39810356 -0.02074832 0.01600494 0.00000 0.00000
6.64000 0.40201276 0.39798926 -0.02241634 0.01738693 0.00000 0.00000
6.66000 0.40213353 0.39786874 -0.02419701 0.01886599 0.00000 0.00000
6.68000 0.40226084 0.39774171 -0.02609709 0.02044813 0.00000 0.00000
6.70000 0.40239502 0.39760784 -0.02812369 0.02213966 0.00000 0.00000
6.72000 0.40253640 0.39746681 -0.03028433 0.02394728 0.00000 0.00000
6.74000 0.40268532 0.39731828 -0.03258690 0.02587802 0.00000 0.00000
6.76000 0.40284215 0.39716189 -0.03503974 0.02793933 0.00000 0.00000
6.78000 0.40300725 0.39699727 -0.03765162 0.03013905 0.00000 0.00000
6.80000 0.40318101 0.39682404 -0.04043176 0.03248543 0.00000 0.00000
6.82000 0.40336384 0.39664180 -0.04338989 0.03498720 0.00000 0.00000
6.84000 0.40355617 0.39645014 -0.04653622 0.03765352 0.00000 0.00000
6.86000 0.40375842 0.39624863 -0.04988150 0.04049407 0.00000 0.00000
6.88000 0.40397105 0.39603682 -0.05343704 0.04351902 0.00000 0.00000
6.90000 0.40419454 0.39581424 -0.05721473 0.04673909 0.00000 0.00000
6.92000 0.40442936 0.39558043 -0.06122705 0.05016557 0.00000 0.00000
6.94000 0.40467603 0.39533488 -0.06548712 0.05381031 0.00000 0.00000
6.96000 0.40493507 0.39507708 -0.07000872 0.05768581 0.00000 0.00000
6.98000 0.40520702 0.39480651 -0.07480633 0.06180518 0.00000 0.00000
7.00000 0.40549244 0.39452260 -0.07989513 0.06618222 0.00000 0.00000
7.02000 0.40579192 0.39422480 -0.08529106 0.07083145 0.00000 0.00000
7.04000 0.40610606 0.39391252 -0.09101085 0.07576810 0.00000 0.00000
7.06000 0.40643548 0.39358516 -0.09707204 0.08100817 0.00000 0.00000
7.08000 0.40678082 0.39324209 -0.10349301 0.08656847 0.00000 0.00000
7.10000 0.40714274 0.39288268 -0.11029303 0.09246664 0.00000 0.00000
7.12000 0.40752192 0.39250626 -0.11749231 0.09872120 0.00000 0.00000
7.14000 0.40791907 0.39211217 -0.12511200 0.10535157 0.00000 0.00000
7.16000 0.40833490 0.39169969 -0.13317425 0.11237814 0.00000 0.00000
7.18000 0.40877017 0.39126813 -0.14170225 0.11982226 0.00000 0.00000
7.20000 0.40922562 0.39081674 -0.15072027 0.12770633 0.00000 0.00000
7.22000 0.40970206 0.39034478 -0.16025371 0.13605380 0.00000 0.00000
7.24000 0.41020028 0.38985148 -0.17032911 0.14488927 0.00000 0.00000
7.26000 0.41072110 0.38933607 -0.18097424 0.15423848 0.00000 0.00000
7.28000 0.41126538 0.38879773 -0.19221810 0.16412838 0.00000 0.00000
7.30000 0.41183395 0.38823566 -0.20409102 0.17458716 0.00000 0.00000
7.32000 0.41242772 0.38764904 -0.21662463 0.18564434 0.00000 0.00000
7.34000 0.41304757 0.38703701 -0.22985201 0.19733079 0.00000 0.00000
7.36000 0.41369441 0.38639874 -0.24380762 0.20967876 0.00000 0.00000
7.38000 0.41436917 0.38573335 -0.25852746 0.22272198 0.00000 0.00000
7.40000 0.41507279 0.38503998 -0.27404905 0.23649569 0.00000 0.00000
7.42000 0.41580621 0.38431775 -0.29041149 0.25103668 0.00000 0.00000
7.44000 0.41657041 0.38356579 -0.30765555 0.26638338 0.00000 0.00000
7.46000 0.41736634 0.38278320 -0.32582367 0.28257588 0.00000 0.00000
7.48000 0.41819498 0.38196911 -0.34496005 0.29965602 0.00000 0.00000
7.50000 0.41905731 0.38112263 -0.36511068 0.31766742 0.00000 0.00000
7.52000 0.41995431 0.38024289 -0.38632341 0.33665557 0.00000 0.00000
7.54000 0.42088694 0.37932903 -0.40864797 0.35666785 0.00000 0.00000
7.56000 0.42185617 0.37838020 -0.43213608 0.37775362 0.00000 0.00000
7.58000 0.42286296 0.37739557 -0.45684143 0.39996430 0.00000 0.00000
7.60000 0.42390825 0.37637433 -0.48281977 0.42335335 0.00000 0.00000
7.62000 0.42499296 0.37531570 -0.51012896 0.44797643 0.00000 0.00000
7.64000 0.42611798 0.37421892 -0.53882902 0.47389139 0.00000 0.00000
7.66000 0.42728417 0.37308330 -0.56898215 0.50115836 0.00000 0.00000
7.68000 0.42849236 0.37190816 -0.60065280 0.52983981 0.00000 0.00000
7.70000 0.42974333 0.37069289 -0.63390769 0.56000059 0.00000 0.00000
7.72000 0.43103781 0.36943695 -0.66881587 0.59170801 0.00000 0.00000
7.74000 0.43237645 0.36813984 -0.70544875 0.62503187 0.00000 0.00000
7.76000 0.43375987 0.36680116 -0.74388013 0.66004454 0.00000 0.00000
7.78000 0.43518856 0.36542058 -0.78418623 0.69682099 0.00000 0.00000
7.80000 0.43666297 0.36399788 -0.82644568 0.73543887 0.00000 0.00000
7.82000 0.43818340 0.36253294 -0.87073961 0.77597850 0.00000 0.00000
7.84000 0.43975007 0.36102575 -0.91715160 0.81852297 0.00000 0.00000
7.86000 0.44136305 0.35947644 -0.96576772 0.86315816 0.00000 0.00000
7.88000 0.44302229 0.35788530 -1.01667650 0.90997273 0.00000 0.00000
7.90000 0.44472755 0.35625273 -1.06996894 0.95905822 0.00000 0.00000
7.92000 0.44647843 0.35457935 -1.12573850 1.01050903 0.00000 0.00000
7.94000 0.44827435 0.35286594 -1.18408105 1.06442244 0.00000 0.00000
7.96000 0.45011449 0.35111349 -1.24509485 1.12089861 0.00000 0.00000
7.98000 0.45199782 0.34932322 -1.30888048 1.18004061 0.00000 0.00000
8.00000 0.45392303 0.34749657 -1.37554078 1.24195437 0.00000 0.00000
8.02000 0.45588855 0.34563528 -1.44518082 1.30674869 0.00000 0.00000
8.04000 0.45789250 0.34374132 -1.51790773 1.37453521 0.00000 0.00000
8.06000 0.45993266 0.34181700 -1.59383064 1.44542834 0.00000 0.00000
8.08000 0.46200646 0.33986493 -1.67306055 1.51954525 0.00000 0.00000
8.10000 0.46411093 0.33788809 -1.75571018 1.59700575 0.00000 0.00000
8.12000 0.46624269 0.33588982 -1.84189380 1.67793225 0.00000 0.00000
8.14000 0.46839790 0.33387387 -1.93172704 1.76244961 0.00000 0.00000
8.16000 0.47057221 0.33184441 -2.02532668 1.85068507 0.00000 0.00000
8.18000 0.47276078 0.32980608 -2.12281042 1.94276809 0.00000 0.00000
8.20000 0.47495816 0.32776400 -2.22429661 2.03883018 0.00000 0.00000
8.22000 0.47715831 0.32572382 -2.32990394 2.13900470 0.00000 0.00000
8.24000 0.47935452 0.32369174 -2.43975113 2.24342672 0.00000 0.00000
8.26000 0.48153941 0.32167456 -2.55395657 2.35223271 0.00000 0.00000
8.28000 0.48370479 0.31967971 -2.67263791 2.46556031 0.00000 0.00000
8.30000 0.48584172 0.31771531 -2.79591162 2.58354803 0.00000 0.00000
8.32000 0.48794037 0.31579018 -2.92389253 2.70633493 0.00000 0.00000
8.34000 0.48998998 0.31391394 -3.05669330 2.83406026 0.00000 0.00000
8.36000 0.49197883 0.31209700 -3.19442385 2.96686303 0.00000 0.00000
8.38000 0.49389412 0.31035069 -3.33719073 3.10488161 0.00000 0.00000
8.40000 0.49572193 0.30868727 -3.48509645 3.24825322 0.00000 0.00000
8.42000 0.49744715 0.30712001 -3.63823878 3.39711341 0.00000 0.00000
8.44000 0.49905336 0.30566331 -3.79670988 3.55159547 0.00000 0.00000
8.46000 0.50052278 0.30433274 -3.96059552 3.71182979 0.00000 0.00000
8.48000 0.50183611 0.30314517 -4.12997408 3.87794319 0.00000 0.00000
8.50000 0.50297250 0.30211887 -4.30491560 4.05005812 0.00000 0.00000
8.52000 0.50390937 0.30127365 -4.48548061 4.22829188 0.00000 0.00000
8.54000 0.50462231 0.30063099 -4.67171902 4.41275567 0.00000 0.00000
8.56000 0.50508492 0.30021423 -4.86366877 4.60355364 0.00000 0.00000
8.58000 0.50526867 0.30004874 -5.06135450 4.80078181 0.00000 0.00000
8.60000 0.50514273 0.30016216 -5.26478597 5.00452689 0.00000 0.00000
8.62000 0.50467378 0.30058461 -5.47395649 5.21486501 0.00000 0.00000
8.64000 0.50382580 0.30134901 -5.68884110 5.43186036 0.00000 0.00000
8.66000 0.50255990 0.30249137 -5.90939465 5.65556360 0.00000 0.00000
8.68000 0.50083404 0.30405114 -6.13554972 5.88601028 0.00000 0.00000
8.70000 0.49860285 0.30607165 -6.36721432 6.12321899 0.00000 0.00000
8.72000 0.49581736 0.30860050 -6.60426940 6.36718937 0.00000 0.00000
8.74000 0.49242479 0.31169008 -6.84656619 6.61789999 0.00000 0.00000
8.76000 0.48836838 0.31539806 -7.09392318 6.87530594 0.00000 0.00000
8.78000 0.48358717 0.31978796 -7.34612299 7.13933627 0.00000 0.00000
8.80000 0.47801600 0.32492970 -7.60290886 7.40989117 0.00000 0.00000
8.82000 0.47158550 0.33090013 -7.86398083 7.68683892 0.00000 0.00000
8.84000 0.46422235 0.33778354 -8.12899172 7.97001253 0.00000 0.00000
8.86000 0.45584974 0.34567199 -8.39754264 8.25920617 0.00000 0.00000
8.88000 0.44638823 0.35466548 -8.66917831 8.55417130 0.00000 0.00000
8.90000 0.43575708 0.36487176 -8.94338204 8.85461254 0.00000 0.00000
8.92000 0.42387621 0.37640562 -9.21957041 9.16018335 0.00000 0.00000
8.94000 0.41066910 0.38938752 -9.49708787 9.47048149 0.00000 0.00000
8.96000 0.39606663 0.40394112 -9.77520117 9.78504450 0.00000 0.00000
8.98000 0.38001230 0.42018955 -10.05309400 10.10334515 0.00000 0.00000
9.00000 0.36246891 0.43824990 -10.32986194 10.42478723 0.00000 0.00000
9.02000 0.34342688 0.45822558 -10.60450817 10.74870185 0.00000 0.00000
9.04000 0.32291405 0.48019630 -10.87594027 11.07434465 0.00000 0.00000
9.06000 0.30100674 0.50420541 -11.14296878 11.40089432 0.00000 0.00000
9.08000 0.27784109 0.53024497 -11.40430813 11.72745301 0.00000 0.00000
9.10000 0.25362342 0.55823929 -11.65858068 12.05304925 0.00000 0.00000
9.12000 0.22863739 0.58802867 -11.90432459 12.37664380 0.00000 0.00000
9.14000 0.20324540 0.61935587 -12.14000627 12.69713922 0.00000 0.00000
9.16000 0.17788137 0.65185886 -12.36403769 13.01339328 0.00000 0.00000
9.18000 0.15303257 0.68507351 -12.57479869 13.32423637 0.00000 0.00000
9.20000 0.12920987 0.71844943 -12.77066360 13.62849228 0.00000 0.00000
9.22000 0.10690821 0.75138019 -12.95003099 13.92500157 0.00000 0.00000
9.24000 0.08656229 0.78324597 -13.11135445 14.21264573 0.00000 0.00000
9.26000 0.06850484 0.81346321 -13.25317217 14.49037034 0.00000 0.00000
9.28000 0.05293581 0.84153311 -13.37413254 14.75720522 0.00000 0.00000
9.30000 0.03990891 0.86708005 -13.47301377 15.01227967 0.00000 0.00000
9.32000 0.02933811 0.88987327 -13.54873586 15.25483172 0.00000 0.00000
9.34000 0.02102189 0.90982914 -13.60036469 15.48421110 0.00000 0.00000
9.36000 0.01467894 0.92699585 -13.62710869 15.69987630 0.00000 0.00000
9.38000 0.00998763 0.94152624 -13.62830965 15.90138702 0.00000 0.00000
9.40000 0.00662178 0.95364527 -13.60342939 16.08839331 0.00000 0.00000
9.42000 0.00427814 0.96361854 -13.55203437 16.26062316 0.00000 0.00000
9.44000 0.00269364 0.97172570 -13.47377974 16.41786956 0.00000 0.00000
9.46000 0.00165299 0.97824088 -13.36839415 16.55997835 0.00000 0.00000
9.48000 0.00098876 0.98341986 -13.23566606 16.68683713 0.00000 0.00000
9.50000 0.00057655 0.98749307 -13.07543187 16.79836575 0.00000 0.00000
9.52000 0.00032775 0.99066270 -12.88756598 16.89450837 0.00000 0.00000
9.54000 0.00018165 0.99310275 -12.67197270 16.97522688 0.00000 0.00000
9.56000 0.00009816 0.99496048 -12.42857962 17.04049564 0.00000 0.00000
9.58000 0.00005173 0.99635884 -12.15733239 17.09029728 0.00000 0.00000
9.60000 0.00002658 0.99739913 -11.85819055 17.12461935 0.00000 0.00000
9.62000 0.00001332 0.99816376 -11.53112427 17.14345172 0.00000 0.00000
9.64000 0.00000651 0.99871886 -11.17611178 17.14678449 0.00000 0.00000
9.66000 0.00000310 0.99911682 -10.79313735 17.13460643 0.00000 0.00000
9.68000 0.00000144 0.99939849 -10.38218973 17.10690366 0.00000 0.00000
9.70000 0.00000065 0.99959529 -9.94326100 17.06365876 0.00000 0.00000
9.72000 0.00000029 0.99973101 -9.47634561 17.00485001 0.00000 0.00000
9.74000 0.00000012 0.99982340 -8.98143977 16.93045082 0.00000 0.00000
9.76000 0.00000005 0.99988547 -8.45854088 16.84042938 0.00000 0.00000
9.78000 0.00000002 0.99992663 -7.90764720 16.73474828 0.00000 0.00000
9.80000 0.00000001 0.99995357 -7.32875757 16.61336432 0.00000 0.00000
9.82000 0.00000000 0.99997098 -6.72187125 16.47622835 0.00000 0.00000
9.84000 0.00000000 0.99998208 -6.08698774 16.32328512 0.00000 0.00000
9.86000 0.00000000 0.99998906 -5.42410674 16.15447321 0.00000 0.00000
9.88000 0.00000000 0.99999341 -4.73322804 15.96972494 0.00000 0.00000
9.90000 0.00000000 0.99999607 -4.01435153 15.76896631 0.00000 0.00000
9.92000 0.00000000 0.99999769 -3.26747714 15.55211695 0.00000 0.00000
9.94000 0.00000000 0.99999865 -2.49260481 15.31909009 0.00000 0.00000
9.96000 0.00000000 0.99999923 -1.68973452 15.06979250 0.00000 0.00000
9.98000 0.00000000 0.99999956 -0.85886625 14.80412445 0.00000 0.00000
10.00000 0.00000000 0.99999975 0.00000000 14.52197965 0.00000 0.00000
